%YAML:1.0
---
coordinates:
   - 4.7660882798891822e-02
   - 3.3992074640955848e-02
   - 5.7914276726415825e-01
