%YAML:1.0
---
A: !!opencv-matrix
   rows: 3
   cols: 3
   dt: d
   data: [ 9.1353081707882006e+02, 0., 3.0656820216173134e+02, 0.,
       9.2344190698520470e+02, 2.6312354088361388e+02, 0., 0., 1. ]
dist: !!opencv-matrix
   rows: 1
   cols: 5
   dt: d
   data: [ 3.4353875784035780e-02, 1.8466377176297273e+00,
       1.2198831649218601e-02, -1.2137854979291816e-02,
       -6.0873805760157653e+00 ]
